Workers: 1, ThreadPool: 0:00:15.095606, ProcessPool: 0:00:16.165828
Workers: 2, ThreadPool: 0:00:17.554991, ProcessPool: 0:00:07.066953
Workers: 3, ThreadPool: 0:00:16.271394, ProcessPool: 0:00:05.934525
Workers: 4, ThreadPool: 0:00:14.885011, ProcessPool: 0:00:06.630878
